servidor.py:
    h1: 1
    h2: 2
    N1: 1
    N2: 2
    vocabulary: 3
    length: 3
    calculated_length: 2.0
    volume: 4.754887502163469
    difficulty: 0.5
    effort: 2.3774437510817346
    time: 0.1320802083934297
    bugs: 0.0015849625007211565
